0 0.0 380.79974400000003 291.84 762.8797440000001
0 112.0 208.640256 245.76 279.03974400000004
0 217.6 249.60000000000002 341.12 376.959744
0 309.12 526.08 476.8 677.1202559999999
0 327.68 223.359744 394.88 338.55974399999997
0 344.96 399.36 442.88 520.959744
0 383.36 247.040256 480.0 358.400256
0 405.76 547.2 501.12 662.4000000000001
0 464.0 431.36025600000005 553.6 584.319744
0 471.68 266.88 604.16 375.680256
0 593.28 279.03974400000004 704.64 392.96025599999996
0 689.92 280.32 827.52 378.24
0 733.44 513.2797439999999 821.12 646.400256
0 800.0 503.679744 865.92 595.2
0 823.68 487.68 896.64 609.920256
0 828.8 193.28025599999998 905.6 336.0
0 889.6 404.480256 1022.08 543.36
0 968.96 334.719744 1023.36 424.32
