0 27.52 363.519744 85.76 425.60025599999994
0 27.52 259.20000000000005 108.16 314.88
0 37.76 421.76025599999997 124.16 485.120256
0 37.76 309.12 128.0 373.119744
0 135.68 408.320256 238.72 504.96
0 170.24 266.88 228.48 297.6
0 218.88 300.159744 310.4 374.4
0 249.6 360.96 339.84 425.60025599999994
0 250.88 251.52 318.08 296.319744
0 307.84 282.879744 352.64 323.840256
0 320.0 337.280256 376.32 363.519744
0 326.4 417.920256 408.32 467.840256
0 350.08 373.119744 420.48 426.879744
0 367.36 288.0 454.4 339.84000000000003
0 435.84 271.359744 519.68 322.56
0 455.68 385.91999999999996 524.8 452.480256
0 515.2 223.359744 567.04 268.160256
0 588.16 224.64 640.0 256.640256
0 594.56 311.04 683.52 357.12
0 605.44 348.800256 683.52 405.75974400000007
0 657.28 228.48 714.88 263.04
0 698.24 354.560256 744.32 414.08025599999996
0 716.8 211.839744 750.72 243.20025599999997
0 746.88 449.91974400000004 833.92 512.000256
0 790.4 367.359744 840.96 440.319744
0 846.08 320.00025600000004 910.72 374.4
0 847.36 379.520256 926.72 435.200256
0 921.6 412.79999999999995 982.4 457.599744
0 979.84 396.800256 1018.24 457.599744
