0 0.0 563.199744 90.88 652.8
0 26.88 110.07974399999999 81.92 162.56025599999998
0 44.8 215.04000000000002 93.44 296.96025599999996
0 83.2 377.600256 152.32 468.48
0 124.16 80.64 193.28 165.12
0 124.16 556.8 252.16 642.560256
0 275.2 8.960256000000001 343.04 88.32000000000001
0 290.56 316.160256 363.52 377.600256
0 350.72 211.20000000000002 409.6 289.280256
0 409.6 309.759744 496.64 373.760256
0 533.76 487.68 601.6 550.400256
0 574.72 119.03999999999999 631.04 192.0
0 633.6 40.959744 705.28 104.96025600000002
0 634.88 492.800256 715.52 554.2402559999999
0 723.2 222.71999999999997 780.8 285.44025600000003
0 728.32 396.800256 802.56 465.920256
0 782.08 263.679744 871.68 330.24
0 803.84 355.839744 894.72 405.75974400000007
0 917.76 262.400256 962.56 339.20025599999997
