0 0.0 595.86286 45.44 659.934407
0 0.0 514.492289 83.84 577.282528
0 6.4 300.494046 55.04 344.70327
0 10.24 368.4102 44.16 409.415471
0 11.52 348.54787699999997 46.72 380.58330900000004
0 99.2 599.707467 157.44 640.712738
0 187.52 522.18082 284.8 568.312689
0 192.64 178.11820400000002 255.36 230.656613
0 309.12 582.40776 406.4 652.2458760000001
0 353.92 331.889507 477.44 418.38530999999995
0 385.28 219.124158 452.48 267.81796
0 393.6 409.415471 477.44 459.391264
0 402.56 485.660127 490.24 536.917228
0 430.08 438.247633 498.56 479.894241
0 442.24 294.72816 538.88 373.53543199999996
0 502.4 340.859346 568.96 439.528941
0 528.64 326.763592 588.8 383.146608
0 591.36 355.59575400000006 667.52 419.66730099999995
0 646.4 172.992289 695.04 209.51298200000002
0 670.08 272.943875 750.08 344.70327
0 744.96 187.08804300000003 838.4 243.471059
0 798.72 109.562079 843.52 150.56735
0 842.24 109.562079 883.84 146.72342600000002
0 860.16 363.284285 918.4 404.289556
0 961.28 312.027184 1008.64 388.27184
0 978.56 176.836896 1023.36 221.68677399999999
