0 16.64 231.77284 64.0 265.70635000000004
0 16.64 259.30416199999996 67.84 300.920776
0 51.2 482.11358 108.8 519.248184
0 81.28 320.76899399999996 132.48 349.580036
0 99.2 59.544056 150.4 87.07477999999999
0 179.84 444.33851799999997 241.28 491.71745999999996
0 222.72 125.4903 252.8 164.546278
0 259.84 62.104692 323.84 85.79446200000001
0 268.8 130.61217 305.28 176.71079400000002
0 344.96 387.995556 393.6 416.80719600000003
0 387.84 382.233228 439.04 419.36843000000005
0 453.12 440.496966 512.64 472.5097
0 465.28 194.638236 503.68 253.541834
0 599.68 55.702504 638.72 92.197248
0 661.12 129.331852 691.2 167.106914
0 833.92 199.76010599999998 888.32 233.05375600000002
0 865.92 386.71523799999994 907.52 424.4903
0 877.44 355.982822 935.04 386.71523799999994
0 883.84 450.740706 936.32 498.11964800000004
0 889.6 190.796684 918.4 233.05375600000002
0 890.88 494.27809599999995 943.36 519.248184
0 906.24 525.65097 944.64 555.742928
0 906.24 93.47756600000001 961.28 121.00829
0 918.4 192.077002 958.72 230.49252199999998
0 933.76 482.11358 994.56 517.967866
0 940.8 53.14127 998.4 96.0388
0 944.64 324.61054599999994 990.08 365.586702
0 956.16 297.079224 1003.52 335.49474399999997
0 957.44 84.514144 997.12 125.4903
