0 6.4 278.06910700000003 72.96 339.578038
0 16.64 465.79848699999997 91.52 519.618204
0 39.04 303.057345 157.44 414.541386
0 177.92 251.800244 250.24 295.368814
0 220.16 465.79848699999997 286.08 497.193265
0 323.84 408.134163 377.6 435.685017
0 419.84 378.02069300000005 538.88 445.936164
0 498.56 328.0449 581.12 378.02069300000005
0 508.8 219.124158 636.16 315.87179100000003
0 582.4 342.140654 657.28 393.39775499999996
0 686.08 231.93792100000002 750.08 272.943875
0 764.8 214.63889700000001 838.4 267.177306
0 827.52 116.609956 944.64 183.244119
0 844.8 188.36935100000002 897.28 240.90776
0 876.16 180.68082 945.92 229.375305
