0 56.32 1.922988 129.92 90.37241399999999
0 188.16 53.197893 242.56 135.238314
0 200.32 185.872605 280.32 251.889081
0 262.4 149.33869800000002 355.2 219.20115
0 323.84 446.094252 387.84 490.959579
0 330.24 313.41954000000004 435.2 389.69099700000004
0 355.2 409.560345 432.64 454.426245
0 357.76 145.493295 435.2 220.48295099999999
0 446.08 26.91954 528.64 70.503639
0 447.36 383.28199200000006 515.2 447.376053
0 452.48 219.20115 523.52 282.01341
0 452.48 285.858813 542.72 340.979694
0 473.6 349.31226000000004 537.6 415.969923
0 485.12 422.37892800000003 544.0 473.654406
0 535.04 448.657854 592.64 499.93275900000003
0 541.44 304.44636 633.6 364.694445
0 565.12 185.872605 625.92 254.453256
0 613.76 430.71149399999996 657.28 487.114176
0 658.56 213.432759 741.12 299.318583
0 698.88 417.25172399999997 780.16 474.936207
0 717.44 296.75498100000004 769.92 355.721265
0 727.68 517.238505 828.8 572.358813
0 766.08 467.24482800000004 855.04 519.802107
0 778.88 362.13084299999997 864.64 421.097127
0 813.44 422.37892800000003 882.56 490.959579
0 823.68 221.76532500000002 892.16 285.858813
0 826.24 295.47318 915.84 354.439464
0 881.28 146.775096 981.12 214.71456
